UniqueId,average_ndvi,range_-1_0,range_0_0.2,range_0.2_0.5,range_0.5_1,percent_vegetated_below_0.5
79fd7b45-381a-4819-9dc7-f80a98010809,0.20335400151271446,0.1216888427734375,67.26722717285156,31.092071533203125,1.519012451171875,98.479136828034
4affde91-31a9-4588-bf14-7201fc5c548b,0.18475991043390017,6.356048583984375,65.79666137695312,21.739959716796875,6.107330322265625,93.4781368898738
a3bd6249-555a-4ee1-99c0-69333d71bdfb,0.27855404124540445,0.164031982421875,38.64860534667969,56.056976318359375,5.1303863525390625,94.86118434627112
297d6516-ce4f-407d-93f8-9669dc6fd392,0.4256308462105544,0.0064849853515625,2.5409698486328125,71.41036987304688,26.04217529296875,73.95613576625071
947aab39-3d8a-4841-8fc3-d129d8bbf6a3,0.18511915019914219,0.008392333984375,76.21536254882812,23.432540893554688,0.3437042236328125,99.65626692913987
ffb57bcc-80f7-4299-bfcf-c9be3b66d5ff,0.429308962354473,0.005340576171875,2.3921966552734375,67.91572570800781,29.686737060546875,70.31167741197116
84c8a735-9e8f-4310-84ab-39079ad1ea14,0.5109079398360905,0.0003814697265625,1.7398834228515625,41.645050048828125,56.61468505859375,43.3850989726981
f44aec62-5d1d-422f-9ff9-dbef80e4e27f,0.2940604415594362,0.018310546875,19.585800170898438,78.22418212890625,2.1717071533203125,97.8278951223979
c48eaae5-afb4-472c-be65-7dfbb3c82f4d,0.5693058986289827,0.002288818359375,0.7472991943359375,26.90582275390625,72.34458923339844,27.653754892461222
a757d4f9-2aa1-44c8-b986-ac00ca2fafdd,0.32011946135876235,0.02899169921875,16.010665893554688,75.29335021972656,8.6669921875,91.3304943755056
060ef833-2d3f-47d4-a1d4-146d1b9a5928,0.16311193727979473,0.92010498046875,78.84597778320312,18.671798706054688,1.5621185302734375,98.42337486332066
1f8c73d1-2cb8-4e98-bd44-d6dccd601c7e,0.3427996766333486,0.005340576171875,28.456497192382812,53.30810546875,18.230056762695312,81.768969595239
c9327432-b3d3-4ea1-b810-d339dc9e25c3,0.2359084185431985,0.067138671875,46.32720947265625,50.533294677734375,3.072357177734375,96.9255786966347
ac723863-413e-43f8-b4b6-2311e81e36ae,0.2951382506127451,0.1277923583984375,21.254348754882812,69.80400085449219,8.813858032226562,91.1748641184986
737f9bb2-5a43-4730-94c1-4031bce6d626,0.3552376242244946,0.022125244140625,7.44476318359375,76.4251708984375,16.107940673828125,83.88849461627099
c2bf9820-7e90-43c4-bd3d-1b26ef7ada51,0.30650194953469667,0.893402099609375,24.15924072265625,66.92047119140625,8.026885986328125,91.90075519049122
78754c68-2800-4c5d-aff0-ab0b399ab5ce,0.30900268554687504,0.629425048828125,14.28070068359375,79.62799072265625,5.461883544921875,94.50352023463113
9eb07177-e62a-4f5a-adeb-e95508e31959,0.6412955789005054,0.0,0.29754638671875,15.992355346679688,83.71009826660156,16.289901733398438
4f0ff7c1-7c96-4f68-87e8-be4466945c2b,0.2364203658758425,0.597381591796875,53.55491638183594,42.38395690917969,3.4637451171875,96.51543875538226
f163aa10-1dd9-4fd0-9e5b-fda78ef5bcc6,0.3406421436982996,0.0278472900390625,1.012420654296875,97.49717712402344,1.462554931640625,98.537037672997
79dee087-3393-473f-aaa9-5d253cc5e1fa,0.16124216715494788,0.9059906005859375,72.92442321777344,21.767807006835938,4.4017791748046875,95.55797650989918
6802ed2f-5a5a-4a38-a236-e5a688639b6f,0.05655966366038602,25.397872924804688,2.13623046875,52.9541015625,19.511795043945312,73.84552450591875
6e0b516c-9da1-4ff7-a0ce-3251b2cbabb9,0.24645535338158703,0.01983642578125,43.41278076171875,54.01573181152344,2.5516510009765625,97.44784274224318
f5ef2d0f-66a7-4d75-a9e8-03c42524d723,0.3318235210343903,0.0,4.4124603271484375,93.17703247070312,2.4105072021484375,97.58949279785156
1f49d4b1-f08f-4fce-8b55-48ff0e521a2f,0.2905152264763327,0.337982177734375,18.245315551757812,73.23951721191406,8.17718505859375,91.79508378690797
2725461a-6ad1-43fd-8b83-5e219df4d558,0.5380940156824447,0.0,1.8280029296875,27.934646606445312,70.23735046386719,29.762649536132812
42f93f6b-0ada-4267-8e6e-4674055ed9c8,0.4776722627527573,0.0,1.26800537109375,52.178955078125,46.55303955078125,53.44696044921875
d6d4d085-1c3b-4ee5-bd2a-dd3779797e97,0.30199943991268374,0.1522064208984375,29.184722900390625,57.11250305175781,13.550567626953125,86.42877609887486
42f21a81-e0a3-4b4d-b837-2e6e2efd75a4,0.44266958797679223,0.1201629638671875,4.2873382568359375,61.95831298828125,33.634185791015625,66.32534975117348
1b49e4e3-7506-4bf4-b86f-fd3ca93fd85b,0.3864309871897978,0.023651123046875,5.2947998046875,86.67716979980469,8.004379272460938,91.9937271540968
e1ab6577-7ce9-4b19-bb29-68b5bdd699b6,0.4725855210248162,0.7244110107421875,4.0557861328125,50.879669189453125,44.34013366699219,55.33631770062826
2ce8de99-7e66-4de8-9426-48a4fc8500ac,0.2764309752221201,0.037384033203125,38.06037902832031,56.73675537109375,5.1654815673828125,94.83258664509285
454ed7a0-3e17-47a6-9ff1-7a629471df5c,0.3181802188648896,0.0049591064453125,5.59844970703125,91.30096435546875,3.0956268310546875,96.90421964590223
f141dba0-ae4b-4972-b926-81d1595d0917,0.21402662688610605,1.74102783203125,45.815277099609375,51.53007507324219,0.9136199951171875,99.07019178507647
89b5d4db-ce4e-43b9-8618-f89088d35ee1,0.18995869954427086,2.4776458740234375,70.20263671875,24.443435668945312,2.87628173828125,97.05064365595015
0ba9a90d-6615-4fa8-9a10-3efb660437ca,0.08634158863740805,0.4039764404296875,99.56932067871094,0.02593994140625,0.000762939453125,99.99923396594978
20e4887c-b772-460d-98be-d60f39171aeb,0.41101511038985916,3.64532470703125,5.75103759765625,63.29994201660156,27.303695678710938,71.6633410930052
9f416f37-a8ca-4127-a6b7-02626fd32e06,0.3837496290019913,0.119781494140625,31.18743896484375,30.86395263671875,37.828826904296875,62.125806821219875
7c9253af-4c43-41bb-b1de-44af15e0d83e,0.6174202713311889,0.0194549560546875,0.333404541015625,9.212493896484375,90.43464660644531,9.54775594922413
3086ac2b-bbb3-4321-81e3-3cfdb9e571e9,0.1526882994408701,0.0164031982421875,93.780517578125,6.1435699462890625,0.05950927734375,99.94048095963007
451c3012-2831-44c1-8fc7-146fd02d2ce0,0.5114363128063726,0.0049591064453125,3.3725738525390625,34.42192077636719,62.20054626464844,37.79636899107698
1be14ce2-5e9c-4cc2-89bf-f36cb1d1ccbd,0.595683707442938,0.0751495361328125,0.7694244384765625,21.365737915039062,77.78968811035156,22.151809335476262
08a9481d-8742-4256-a419-2a59196e0a8d,0.3378258200252757,0.00457763671875,8.087539672851562,86.00883483886719,5.8990478515625,94.10068209909511
592f14da-405c-4e6d-a83b-8937322524ad,0.25500856287339146,0.0202178955078125,17.338180541992188,81.77490234375,0.86669921875,99.13312551747295
bda69d0e-716e-439e-9a18-49f44d449086,0.035130788765701554,29.906463623046875,66.93229675292969,3.1208038330078125,0.040435791015625,99.94231166936967
3dcf54bc-89f5-41b3-b797-5dcdf0e629e8,0.21621886608647364,0.937652587890625,50.71525573730469,46.04148864746094,2.30560302734375,97.67257380066697
39ace715-e375-4083-a05c-7fb7448e17b9,0.18281629973766855,0.1697540283203125,68.182373046875,29.994583129882812,1.653289794921875,98.34389890675929
471980a3-9ffb-4b1f-8e51-eabb9736b51b,0.18714022168926164,0.0,70.29571533203125,29.629135131835938,0.0751495361328125,99.92485046386719
67c20627-e6cb-4900-9f40-01e8da154a53,0.25658326990464153,0.3368377685546875,34.43946838378906,62.6495361328125,2.57415771484375,97.41714224472845
4fa2e1e0-a920-4991-beb6-3c080b6c1500,0.15659224566291363,2.381134033203125,80.88417053222656,15.985488891601562,0.74920654296875,99.23251869856429
20495cc8-cb22-4fd1-9bc3-0b9c654d12a0,0.2863999310661765,0.1953125,28.97491455078125,58.597564697265625,12.232208251953125,87.74385396281801
df7805d1-682e-4a3d-b917-1bbab5e078ef,0.33042734183517153,0.1392364501953125,18.42041015625,69.94361877441406,11.496734619140625,88.48723541613346
6f509c42-9d2b-45df-b705-02dcb9147dde,0.3094976088579964,0.04425048828125,36.95030212402344,47.72529602050781,15.2801513671875,84.71308409788267
093bdb67-4c14-402d-a034-3714b7125c49,0.2671924067478553,0.2166748046875,35.437774658203125,59.73625183105469,4.6092987060546875,95.38069241826467
b3ab43c4-6f73-4ccc-a3ca-f2c54959f8b1,0.4068296843884039,0.0057220458984375,4.863739013671875,73.86283874511719,21.2677001953125,78.73108278748249
a0b16523-d6f9-4a21-809d-4f2bdbc2bea7,0.11844928217869179,0.00152587890625,98.78387451171875,1.087188720703125,0.127410888671875,99.87258716716258
907cd7cd-cc26-4529-a9f8-cee1e1560086,0.15633347455193014,0.00152587890625,92.30155944824219,7.69500732421875,0.0019073486328125,99.99809262226292
87760805-5b1a-486e-91c4-590557929182,0.21949845856311276,0.000762939453125,63.332366943359375,30.891799926757812,5.7750701904296875,94.22488574894523
63b69be6-bd39-4bb4-aee1-7b59dbf7c360,0.1928931741153493,1.6605377197265625,71.38862609863281,23.9898681640625,2.960968017578125,96.98903375214806
ef4185e8-9b3a-421f-9fae-a0b954b0b3c0,0.21992435829312193,5.1723480224609375,39.70489501953125,51.76048278808594,3.362274169921875,96.45433151638272
c3ad74dc-6842-463f-8808-05161a8ba570,0.18862729540058212,1.1356353759765625,62.94364929199219,34.68437194824219,1.2363433837890625,98.74945498462382
932a3f2f-6c0e-42a6-b357-f333774b4ea8,0.18126193775850183,2.945709228515625,67.81425476074219,29.146194458007812,0.093841552734375,99.90331024832759
45845135-0abc-4964-9038-db1e26fa9b22,0.05148369284237132,30.911636352539062,56.94999694824219,11.156082153320312,0.9822845458984375,98.57821998663803
779c4b9a-19bf-487f-ba65-6589aea27420,0.425187204398361,0.0072479248046875,4.2545318603515625,72.26028442382812,23.477935791015625,76.52036242250834
33bf7f90-edd9-4bf7-a079-561d5dad25c9,0.18605188107958032,0.06866455078125,55.258941650390625,44.663238525390625,0.0091552734375,99.9908384358156
ce93c72c-eb9c-4176-a2b6-7750a4a6bb20,0.36184638528262864,0.01678466796875,6.103515625,83.90159606933594,9.978103637695312,90.02022128958413
ab009bd1-6784-4fda-a931-532520742a8b,0.2672696581073835,0.0034332275390625,25.766754150390625,72.26295471191406,1.96685791015625,98.0330745608179
248bba19-4fdf-4285-a210-1334454ad80a,0.24937564625459557,0.03204345703125,51.18980407714844,44.1192626953125,4.6588897705078125,95.33961688163016
a441e39a-1be1-4be5-8c07-b32bc6f07df0,0.1881241443110447,0.628662109375,65.66543579101562,31.698989868164062,2.0069122314453125,97.9803912536085
2f97537a-1333-4dfc-b7a3-b7bf9400ffdd,0.15228178734872855,13.85040283203125,50.522613525390625,35.037994384765625,0.5889892578125,99.316318036097
ed40ce35-7338-4f8b-a5ab-e94af6fa7e55,0.2765388039981617,13.914871215820312,15.280532836914062,55.17539978027344,15.629196166992188,81.84448767431658
b433dceb-f5b4-4b46-8eb3-2aae9fc2d45a,0.3690974516027113,1.001739501953125,19.478988647460938,52.60429382324219,26.91497802734375,72.81267580668779
7272decf-0ae8-47aa-b46c-00fc4cd04816,0.10175236720664829,0.1888275146484375,85.82687377929688,13.92974853515625,0.0545501708984375,99.94534662849848
cb87a6f4-a560-41a5-81c0-1064d0c368b6,0.18668679630055146,1.34735107421875,69.17800903320312,25.732040405273438,3.7425994873046875,96.20628586453837
e094035d-ac9c-4ea9-a23b-bb55321a64d6,0.1833517635569853,0.009918212890625,71.62284851074219,26.3397216796875,2.0275115966796875,97.97228729045698
ce6fb2ba-9799-4b36-a64f-8bf02392d6ee,0.182428846172258,0.1445770263671875,77.49824523925781,22.160720825195312,0.1964569091796875,99.803258648024
abe0e447-8977-406f-9e13-5514f4e954bc,0.21525492948644304,0.4192352294921875,48.46229553222656,50.046539306640625,1.071929931640625,98.9235572410887
59c697e4-5083-4f45-b03a-ef580f6618dd,0.2109503652535233,0.0003814697265625,51.02806091308594,48.57978820800781,0.3917694091796875,99.6082290963329
31c47bb9-1913-463e-95e4-86e48fadfda6,0.1925701365751379,0.0,70.849609375,28.374862670898438,0.7755279541015625,99.22447204589844
f20ba27e-4c6c-4ca9-a356-ef88c4f788bb,0.1800611308976716,0.05035400390625,72.0367431640625,27.665328979492188,0.2475738525390625,99.75230142130896
383c3df6-a1eb-40fd-b798-41481dff679a,0.2919035668466606,0.5977630615234375,26.572799682617188,64.2669677734375,8.562469482421875,91.38603944323559
e83e7346-5b83-4e3a-845c-867fd84d17f0,0.26992732029335176,0.0152587890625,53.84101867675781,33.05244445800781,13.091278076171875,86.90672404846931
c51a2db5-6d0b-4b4a-8692-a6d73714829f,0.18588202981387866,10.16693115234375,46.70257568359375,41.64237976074219,1.4881134033203125,98.34346814329149
78eccd24-9fe2-4ccd-90fa-a1e0fdc19b41,0.25313601026348037,0.0,38.048553466796875,59.760284423828125,2.191162109375,97.808837890625
f87005f7-c31b-4135-989a-ee5611626b3c,0.31275000478707105,0.0072479248046875,14.567947387695312,80.61103820800781,4.8137664794921875,95.1858845970434
35ba5eb8-520f-4660-af60-9e0e00e7b42b,0.14226696537990197,0.00152587890625,91.68357849121094,8.072280883789062,0.24261474609375,99.75738155184253
d43c681d-b57e-47e6-a6ad-e3ed08de9ff7,0.6924946504480698,0.0,0.012969970703125,4.03900146484375,95.94802856445312,4.051971435546875
d3ead5e1-12bb-4d27-8c1d-c723c0747265,0.5875743791168812,0.3223419189453125,5.810546875,17.698287963867188,76.1688232421875,23.584858725062094
29d15973-a999-409e-adf4-486854df44ed,0.417864122577742,0.1430511474609375,8.160400390625,61.553192138671875,30.143356323242188,69.81346148703628
58d62aeb-29f5-45f5-93ac-a657b0708149,0.17556361778109683,0.0102996826171875,80.84144592285156,19.1192626953125,0.02899169921875,99.97100531442065
55fa95e6-f09e-42c4-889b-a4b5b63dccf2,0.21293194340724575,0.0,57.315826416015625,42.176055908203125,0.50811767578125,99.49188232421875
5aa13874-fb24-44f0-969a-d12dbc7edca8,0.49450620763442094,0.1834869384765625,2.3868560791015625,48.22578430175781,49.20387268066406,50.70567867829995
92d7aeea-7abf-47a4-bf76-a4fe0fac65c6,0.2040488448797488,0.091552734375,55.79414367675781,43.67218017578125,0.4421234130859375,99.55747143991691
adf741f6-5416-41c5-af26-01240cc361cf,0.1164542703067555,14.5782470703125,70.72525024414062,5.509185791015625,9.18731689453125,89.24475724339966
8cf9e7dc-74b9-4b97-9a03-f523f3eff56f,0.2270392025218291,1.4942169189453125,62.51716613769531,30.684661865234375,5.303955078125,94.61559015904612
2ce810c9-88f1-4efe-9254-8cbd339d2397,0.1842903885186887,0.0087738037109375,77.72293090820312,22.043228149414062,0.225067138671875,99.77491311264644
72c6a0db-a014-4cd9-9788-926707ef839c,0.14395273246017157,0.09307861328125,88.43727111816406,11.45172119140625,0.0179290771484375,99.98205421916762
bae69034-3bf6-48c3-a642-d0242cf090f9,0.17706086401845894,0.1338958740234375,74.01542663574219,23.506546020507812,2.3441314697265625,97.65272562673563
ab42234a-7930-4636-8af5-3fc11ca8b34d,0.337758352242264,0.00152587890625,22.632217407226562,66.35665893554688,11.009597778320312,88.99023422598611
3db90629-694f-43d7-b46a-6378f6bc1472,0.5101464963426776,0.0,0.23193359375,47.22862243652344,52.53944396972656,47.46055603027344
da7fa4d6-cbf3-4cf9-babf-1cc79aa2f536,0.442497911640242,1.0669708251953125,7.2113037109375,53.74603271484375,37.97569274902344,61.6147478089201
f66ae0d0-837d-4ea9-a7ed-6a78d9bde940,0.5040911506204043,0.00457763671875,0.299072265625,45.72334289550781,53.97300720214844,46.02452199655136
31852a71-e639-496f-9e7d-0968d1c218b3,0.31090425977519914,0.0171661376953125,32.761383056640625,54.48493957519531,12.73651123046875,87.26130202709663
c8f94c30-d0ee-450a-8501-30678aa37c0f,0.45821958055683204,0.003814697265625,6.087493896484375,50.92315673828125,42.98553466796875,57.01282550146109
01202971-a157-41f8-91cc-cf7c3b8f9473,0.5431717816521139,0.00152587890625,1.10015869140625,26.659011840820312,72.23930358886719,27.75959411001755
220a986e-6d2c-4893-9473-232d1e1abf0c,0.5656586291743259,0.1262664794921875,2.010345458984375,24.64141845703125,73.22196960449219,26.685458705259098
63643257-f082-4928-bf0e-77a0417a4613,0.17351732441023282,4.11834716796875,69.40460205078125,26.222991943359375,0.254058837890625,99.73502872511418
708b3dde-3f1a-4813-8501-8a52bf3b1d9c,0.19543400184780946,0.01983642578125,71.38748168945312,27.6397705078125,0.952911376953125,99.04689956198587
7307857b-b127-4b3a-bf11-ee19d07e0736,0.3881984336703432,0.1041412353515625,9.592819213867188,70.49827575683594,19.804763793945312,80.17458977893696
7ea6269d-6ba3-41e1-aff6-b4da1c6611d1,0.2889781877106311,0.0,5.36956787109375,94.32334899902344,0.3070831298828125,99.69291687011719
3d866877-330a-4a14-b5bd-48675955af64,0.10843293433095895,0.39520263671875,95.96824645996094,3.6334991455078125,0.0030517578125,99.99693613370712
2f9f1bf9-6188-46a2-b91f-f212cdd21528,0.39743448893229155,0.0152587890625,4.448699951171875,77.85377502441406,17.682266235351562,82.31503525318195
1780f987-76f9-4a82-81bd-6cb914758eec,0.3247774011948529,0.3509521484375,35.35728454589844,44.666290283203125,19.625473022460938,80.30540838514072
9e6b72f0-5f8a-41fe-a60d-40d7bc2f5637,0.13905591777726714,0.003814697265625,99.41940307617188,0.57525634765625,0.00152587890625,99.99847406288387
09425074-8348-4fbc-b95d-4939750f9345,0.19463836071537993,0.0102996826171875,71.53282165527344,27.786636352539062,0.6702423095703125,99.32968865048815
1b01181e-fbcb-4dc4-86ec-cfddc864cc34,0.3215846043007046,0.4314422607421875,16.506576538085938,75.26435852050781,7.7976226806640625,92.16858930398104
777caabb-3850-4db2-ba02-2d95fda38db6,0.19557171989889707,0.2208709716796875,63.77067565917969,33.45756530761719,2.5508880615234375,97.44346529543326
5b5274df-2cb7-402e-b002-778cce00ac1d,0.4166687610102634,0.3284454345703125,11.404037475585938,52.54173278808594,35.72578430175781,64.15648932383661
d1ec9e43-04bd-4926-8362-5e04afe39c90,0.1345012290804994,50.28953552246094,3.7258148193359375,32.415771484375,13.568878173828125,72.70418147076654
d36387df-af2a-4b20-a94f-589fdccf67cd,0.2867961808746936,0.0461578369140625,25.726318359375,66.82968139648438,7.3978424072265625,92.59874133186781
be804253-e994-4f40-9e07-5c215533231c,0.26778690113740805,0.0240325927734375,33.65364074707031,63.339996337890625,2.982330322265625,97.01695277414234
d56aeb11-09a3-4854-b422-9a1e41f18a51,0.24276350432751226,35.100555419921875,6.2671661376953125,23.020553588867188,35.611724853515625,45.12784341385999
f669c502-b400-4ad9-ae95-bfd9c31f903c,0.1812850952148437,0.0522613525390625,79.86030578613281,19.16656494140625,0.920867919921875,99.0786505704046
0726d9f7-2baa-4652-b1d6-cbab45783f64,0.29801746443206184,0.07171630859375,17.352676391601562,82.31086730957031,0.264739990234375,99.7350700117577
d8c705d2-2820-43d2-bee4-8335354bcab0,0.3853966806449142,0.1018524169921875,11.756134033203125,64.41459655761719,23.7274169921875,76.24839142039966
a03c52ec-7366-43c5-965e-52e2b73df452,0.2059350705614277,0.035858154296875,75.421142578125,19.390869140625,5.152130126953125,94.84602175157413
9a1a4247-479d-46ff-99cc-4251c5e333fa,0.37538239722158395,0.0507354736328125,27.002334594726562,44.19097900390625,28.755950927734375,71.22945219857182
0683b4a7-6a8c-4339-abc1-dfbe64dcb5a1,0.1550099989947151,1.7547607421875,75.14152526855469,22.028350830078125,1.0753631591796875,98.90542975180941
0d93e84b-8460-4d5d-946c-630ade76747d,0.24239594702627143,0.4253387451171875,55.48515319824219,37.0269775390625,7.062530517578125,92.90730148757417
b3627eac-9f2f-482a-81a6-681e60b5b24a,0.6777206121706495,0.0,0.0995635986328125,5.2928924560546875,94.6075439453125,5.3924560546875
eabc7fc2-d02b-480a-9472-7c7677e812cb,0.5141306858436734,0.0835418701171875,1.8848419189453125,45.25871276855469,52.77290344238281,47.18297222487353
4ee8f023-1c92-4266-bb79-d41fdb3a5826,0.16363683962354475,0.0,85.74562072753906,12.154006958007812,2.100372314453125,97.89962768554688
5dbbbc9f-deec-4c33-a172-19614492d860,0.4270050048828125,0.0,2.1366119384765625,70.05958557128906,27.803802490234375,72.19619750976562
17596a7a-31fc-4270-8aaf-efe1df3ba848,0.29332152721928617,7.5038909912109375,14.6453857421875,71.69761657714844,6.153106689453125,93.34771294123469
e3ed6829-5211-436a-8e32-ec617c3ebc83,0.2733747594496783,0.046539306640625,22.59368896484375,75.90370178222656,1.4560699462890625,98.54325209333568
ebdceb89-fa30-486a-94f8-3eff8eedbd67,0.12144299675436583,0.000762939453125,97.95951843261719,1.699066162109375,0.3406524658203125,99.6593449351878
e7aeb204-15af-4a2a-8f2a-bfd2c8dbe411,0.3899537927964154,0.1399993896484375,5.1578521728515625,82.20634460449219,12.495803833007812,87.48667759199624
03b0e3c2-7b65-4a7b-b061-d297ebd267f4,0.49580906886680454,0.09765625,14.795303344726562,28.507614135742188,56.59942626953125,43.3452468230694
77d64e4c-a50f-4f4d-a750-e6a6f0ddadc9,0.1309377632889093,2.5493621826171875,92.01469421386719,5.3714752197265625,0.0644683837890625,99.93384508789993
b604ffa7-8cee-4724-bb82-f1f4553a192f,0.5970701928232228,0.11444091796875,1.9474029541015625,18.846511840820312,79.09164428710938,20.817738806312157
eb9d05b5-7578-44bf-9eb1-3ddba425ff20,0.2709367340686275,0.6267547607421875,20.685195922851562,76.91917419433594,1.7688751220703125,98.21996844541864
a4d4923c-cf9e-43a9-b62e-dc9c04f0ec24,0.22633358824486827,0.0904083251953125,62.616729736328125,33.46290588378906,3.8299560546875,96.16657821287708
0194a44a-0c12-4e47-a053-f3b9b2382858,0.36803134095435047,3.501129150390625,11.243438720703125,61.705780029296875,23.549652099609375,75.59592988781101
29a5f777-bea5-411e-9139-fe0d094616b0,0.20252431233723964,1.38092041015625,65.90919494628906,32.5347900390625,0.1750946044921875,99.82245362132723
69e1a36d-21ab-4feb-b31c-dbfac4bf62d1,0.5394570743336398,0.0,2.154541015625,29.274749755859375,68.57070922851562,31.429290771484375
6e4ecf7a-2864-4fc6-85cb-9b2a0ac324df,0.38837468764361205,0.0469207763671875,16.507720947265625,54.677581787109375,28.767776489257812,71.21871911030033
f568b94d-f388-4231-8aac-ac2572ca872d,0.2302836100260416,0.2933502197265625,68.49746704101562,21.698760986328125,9.510421752929688,90.46159732185556
bd2b7bdc-0f92-451a-a3a5-03569d27c952,0.2615079692765779,0.0476837158203125,29.764556884765625,68.63784790039062,1.5499114990234375,98.4493490930047
75ad696c-b094-4919-89e3-f879361f5151,0.3675546085133271,1.378631591796875,26.532745361328125,42.00706481933594,30.081558227539062,69.49793060766642
a4bd4cbb-53de-47c8-972f-cca4c36aaf74,0.20580632826861217,0.0049591064453125,68.65119934082031,25.36773681640625,5.976104736328125,94.02359888757911
849ad1a0-472b-4cc6-a513-030491fa1ffb,0.18205692066865814,0.0324249267578125,74.48501586914062,25.36163330078125,0.1209259033203125,99.87903487382613
effeee13-51d7-4cf2-a62f-93b47b34605a,0.4760482189702052,0.01373291015625,9.93194580078125,39.61219787597656,50.44212341308594,49.550948463991936
04b4caff-a62d-465b-b9a7-81986f91c0c3,0.45455160701976094,0.27923583984375,2.577972412109375,59.024810791015625,38.11798095703125,61.775281930439306
eadd73be-51ab-4078-91cc-04784be3f17f,0.20670557957069552,0.41046142578125,69.76470947265625,28.390884399414062,1.4339447021484375,98.56014524951354
1b6cdbc8-4ab9-49e9-b6ed-e38d55e263cc,0.23006917916092215,0.0080108642578125,47.27020263671875,49.11918640136719,3.60260009765625,96.39711127981901
fbc11fc4-573b-465f-a9ac-a879ee2cdda2,0.2642390830844056,0.002288818359375,19.38018798828125,79.74700927734375,0.870513916015625,99.129466159046
b9142a59-e3dd-4797-b6ed-c5c847b16f67,0.26196959252450985,0.000762939453125,24.092864990234375,75.14152526855469,0.7648468017578125,99.23514736287966
b181e69a-5864-44c1-b5b4-f4c5832a4539,0.2702030855066636,0.00457763671875,30.651473999023438,65.47966003417969,3.864288330078125,96.13553476874247
8739a46c-9d9b-464c-87d0-31738601d96f,0.19822917265050555,0.0164031982421875,63.803863525390625,35.948944091796875,0.2307891845703125,99.76917295241148
fe112320-013f-434e-b66c-101234292711,0.2881999894684436,1.9725799560546875,28.752517700195312,61.17706298828125,8.09783935546875,91.73920995590976
85bdd89a-4ce5-4539-a274-23fa2b030e7d,0.2568109848920036,0.1781463623046875,22.047805786132812,77.13127136230469,0.6427764892578125,99.3560763842447
1b1ba02e-9db3-4224-9d8d-06d5df529f16,0.253613909553079,0.1506805419921875,48.86131286621094,44.274139404296875,6.7138671875,93.27600105444529
fd82cbd0-ec25-461c-aef1-4c0c92060348,0.30063461602902875,0.394439697265625,36.47880554199219,48.91815185546875,14.208602905273438,85.73513078779058
f645bf93-57a3-4fdf-9544-d255f8311dc9,0.2713298423617494,0.0232696533203125,31.696701049804688,63.88816833496094,4.3918609619140625,95.60711682940138
80844950-65c8-44ec-b63a-7e51412fea0c,0.2647974949257047,0.0347137451171875,34.21974182128906,62.73193359375,3.01361083984375,96.98534265969097
5c74d3fc-eaeb-4a75-9a07-5f8af961237b,0.4281079759784774,0.012969970703125,6.8450927734375,58.17375183105469,34.96818542480469,65.0272786234787
0a664214-c090-4889-8439-06836f89d830,0.25432514863855704,0.4329681396484375,51.238250732421875,39.72892761230469,8.599853515625,91.36274994348854
f62bd692-7aae-4e46-8284-239150acced0,0.19229371313955274,0.0415802001953125,74.28932189941406,25.030517578125,0.638580322265625,99.36115404430706
a8b79d35-dab7-4513-ac65-25fd99541662,0.1804784138997396,0.09613037109375,78.18145751953125,19.628524780273438,2.0938873291015625,97.90409787240542
02e6023e-d306-4a67-a09c-b9224b98661e,0.2580713010301777,0.948333740234375,47.89924621582031,37.17918395996094,13.973236083984375,85.89298230749678
956f8cd5-f4fb-43d7-8a34-1bb5db551995,0.2679900225471048,0.3025054931640625,38.19427490234375,54.180145263671875,7.3230743408203125,92.65470574055581
5f0c7697-7be3-49af-b98c-f5789e3ca6f9,0.3365702610389859,0.0087738037109375,8.482742309570312,79.01268005371094,12.495803833007812,87.5030997134911
e7910549-a5ca-4712-bd04-349c49c1ba15,0.20008066214767156,0.0728607177734375,64.69688415527344,34.03739929199219,1.1928558349609375,98.8062744080045
c99fe9af-6d6b-435a-9084-2248905ad251,0.49235965504365814,0.006103515625,3.878021240234375,42.03033447265625,54.085540771484375,45.91115790758714
2dfac408-d2ab-4ff9-94aa-91be9d07bb59,0.6460244272269455,0.0,0.4047393798828125,8.882904052734375,90.71235656738281,9.287643432617188
c27c5212-1891-4105-86ee-9f97016ef159,0.2935463998831955,0.148773193359375,19.031906127929688,77.337646484375,3.4816741943359375,96.5131382901503
7967c729-4693-47a1-b1bc-1d82825ca8db,0.37801687203201595,0.1880645751953125,8.580780029296875,67.90618896484375,23.324966430664062,76.63108491846009
e2d77e59-b831-4267-a50b-89ede499a885,0.23362534466911763,0.0,17.354202270507812,82.61833190917969,0.0274658203125,99.9725341796875
b9f703f7-18bb-4845-a480-ce7d63b5f57a,0.6173345827588849,1.082611083984375,1.69677734375,13.072967529296875,84.14764404296875,14.931393797289688
6a75dc36-9f37-4c3a-870d-345f94a8104c,0.1489930695178461,37.06016540527344,9.991836547851562,27.933120727539062,25.014877319335938,60.25588964380307
48c4b519-eaf5-4ae8-9470-31e8770a70ac,0.3206112730736826,0.0003814697265625,7.1460723876953125,90.80085754394531,2.0526885986328125,97.94730357095173
5367822f-b489-4da5-b90e-c5b2c8abf318,0.6231207754097732,0.1689910888671875,1.0005950927734375,11.2548828125,87.57553100585938,12.27622362925629
46f35b6b-9c64-41e3-a7e2-f76dc6719145,0.3825644698797488,0.0019073486328125,2.967071533203125,92.36373901367188,4.6672821044921875,95.33262887246843
ca65fae0-e6d7-4600-890c-62da03753131,0.17911771886488967,2.5188446044921875,66.81251525878906,28.000640869140625,2.667999267578125,97.26306150480745
fb7d6492-444e-420c-9111-0f8999d3af04,0.2724183026482077,0.0049591064453125,21.506118774414062,78.28483581542969,0.2040863037109375,99.7959035749301
ee290ec6-3815-4c44-a96a-edb331fcc925,0.26527997185202207,0.0789642333984375,38.854217529296875,44.65293884277344,16.41387939453125,83.57314926871729
4c88252e-34a5-4912-a590-2c4539866c62,0.342065070657169,0.0034332275390625,41.2567138671875,32.72666931152344,26.01318359375,73.98592328380414
549222c5-1be6-4453-896a-caebd19b0bee,0.31429518157360603,3.1284332275390625,20.197296142578125,67.54646301269531,9.1278076171875,90.57741304150932
25e80e7d-5790-4192-9cf0-a190f36158f0,0.21462976792279412,0.042724609375,62.06550598144531,37.14485168457031,0.746917724609375,99.25276302131037
4b641aa9-e8b4-492e-a181-f1bad47c4d6d,0.29180677825329343,0.0225067138671875,13.681793212890625,84.09614562988281,2.199554443359375,97.79995039777172
5edb4ec4-615c-45fb-a236-9a4225eedaff,0.4860569374234069,27.205276489257812,1.5735626220703125,2.9300689697265625,68.29109191894531,6.186755542978719
a1b6ff5e-0533-408c-b02a-3061f60fb263,0.1712924732881434,0.160980224609375,73.33755493164062,25.621795654296875,0.879669189453125,99.11891243380381
81977367-45ad-4962-92f3-ae30f22ef723,0.12034585990157783,0.0,98.84262084960938,1.157379150390625,0.0,100.0
bc2fd9c2-da5c-4cd7-bbec-9daf2143a196,0.7045515172621784,1.0585784912109375,3.49884033203125,3.8715362548828125,91.571044921875,7.4492325605604375
d0e1cdc0-9dea-467a-8ae8-040e0f94178d,0.1417582792394301,2.132415771484375,94.09255981445312,3.7384033203125,0.03662109375,99.96258097710424
a43d0b54-a91e-40ba-b121-2e0f067201b6,0.15669588575176158,0.304412841796875,84.21516418457031,15.383529663085938,0.096893310546875,99.9028108331484
fd21c9dc-a89f-4a29-990b-33b95ae2adc9,0.3005880916819853,0.0118255615234375,24.59564208984375,68.27011108398438,7.1224212646484375,92.87673636942844
e1a5b757-2bc1-440f-b3d1-06cd41171775,0.44407632865157776,4.0294647216796875,2.7553558349609375,51.911163330078125,41.30401611328125,56.96177374285022
1760d7f8-57a2-4a04-b7e5-0861cc0ee963,0.4243614645565258,0.29754638671875,6.1199188232421875,64.15596008300781,29.42657470703125,70.48560628089561
f75027cb-2526-4524-989f-71d0d56353ec,0.4326342713599111,0.3314971923828125,10.936737060546875,49.85923767089844,38.872528076171875,60.99818199215387
294c531a-3299-4038-baa8-c2a92d38d10a,0.22172743853400728,0.9334564208984375,41.79191589355469,55.99250793457031,1.2821197509765625,98.70579945089855
f6693336-817b-4424-8aea-1c966fae5e23,0.5754894780177695,0.0,1.065826416015625,17.034530639648438,81.89964294433594,18.100357055664062
9626db35-9c2a-4431-8c91-00e0bba794fa,0.6308689790613511,0.0,0.238037109375,15.887069702148438,83.87489318847656,16.125106811523438
f6afb8c4-32dc-4e6d-8d30-e6b7ccd4a62f,0.3394158456839767,0.008392333984375,23.708343505859375,62.67814636230469,13.605117797851562,86.39374031939326
90b0daf7-5d84-42d9-bb35-bb78d4faf950,0.4203127094343597,0.03204345703125,12.450027465820312,52.03819274902344,35.479736328125,64.50889109364267
182f71e9-0f85-4cb0-8711-ee14c0b6b8f8,0.45492368211933204,1.434326171875,1.6475677490234375,54.657745361328125,42.26036071777344,57.12466716205338
f2a78d1c-66be-40f8-a2d8-5756eb265162,0.23801778157552084,0.305938720703125,49.03221130371094,49.34196472167969,1.31988525390625,98.67606431419365
bfa879b5-b526-4114-9137-51d3ea3ad336,0.18886596081303622,0.296783447265625,63.419342041015625,35.69450378417969,0.5893707275390625,99.4088749110443
69b7a19e-7be7-43c1-8779-c7110b22f552,0.2611837648877911,0.0,29.0618896484375,69.33555603027344,1.6025543212890625,98.39744567871094
f0dbf1f5-9f21-4d11-a432-d32f7f18c412,0.6595777025409773,0.0,0.01068115234375,7.4932098388671875,92.49610900878906,7.5038909912109375
4edb5c7c-08d6-4ae0-b8b3-7bb471e26d8e,0.1877308265835632,0.0,73.09761047363281,26.832199096679688,0.0701904296875,99.9298095703125
57b7776f-bae7-4b14-b94c-65806e002a88,0.20538413851868878,0.028228759765625,50.55580139160156,48.39515686035156,1.02081298828125,98.97889876750486
2fd950a8-fadb-467c-ab59-88e7ea007738,0.45567728678385416,0.243377685546875,8.053207397460938,45.66154479980469,46.0418701171875,53.845800861165706
0dc19167-07b3-45e6-9bad-ad070934616a,0.16976749195772065,0.0026702880859375,87.14256286621094,10.031890869140625,2.8228759765625,97.17704864250372
676aa48b-d962-4026-a354-db047f14233f,0.1574050304936428,0.882720947265625,82.2113037109375,13.209152221679688,3.6968231201171875,96.27025362737174
f32eaf92-82dc-4c31-8a05-76c21845f078,0.15873155780867035,0.0,84.03472900390625,15.939712524414062,0.0255584716796875,99.97444152832031
c88af25d-aff4-4b20-9c58-0b819c8ae99a,0.36736719468060675,0.012969970703125,5.7659149169921875,85.21308898925781,9.008026123046875,90.99080538705124
2f1b8cff-f7d6-4459-866b-7c84bd531dcc,0.22989032221775432,0.0171661376953125,36.56578063964844,62.320709228515625,1.096343994140625,98.90346777362751
92fc9725-ac49-4632-8bbf-e299483940b8,0.26302430395986526,3.0750274658203125,17.625045776367188,76.11198425292969,3.1879425048828125,96.71091729867798
de9cacb4-0be2-47d1-8cf2-7a25aabacfae,0.3474465164483763,0.002288818359375,16.419601440429688,74.468994140625,9.109115600585938,90.89067590353173
e18c9556-706f-4bb7-b908-e7b44293923d,0.14616863774318317,0.3387451171875,77.10952758789062,17.83294677734375,4.718780517578125,95.26518051260066
95cd2f17-1278-4cc9-90f4-000e4eba415a,0.4304398779775581,0.0232696533203125,8.470535278320312,52.442169189453125,39.06402587890625,60.92688194198021
78eabcbb-32b9-4438-ab84-8eb65c044db7,0.3105650957892923,0.3223419189453125,29.681777954101562,54.9652099609375,15.030670166015625,84.92072300314965
5ef75bbf-adba-424a-bef3-a5efed5b5e2c,0.6177872003293505,0.188446044921875,1.1249542236328125,13.078689575195312,85.60791015625,14.230460538887826
9989e07d-5125-472d-9601-0d7158b13073,0.5686141369389551,0.0095367431640625,0.1415252685546875,16.87774658203125,82.97119140625,17.02089508963486
e3406861-3e7f-4a4b-b16d-6004f3edc5e6,0.3008464738434436,0.0293731689453125,28.106307983398438,60.04295349121094,11.821365356445312,88.17516131370985
c5d590f0-97fe-4ac3-987d-ebceed6dbfc2,0.3376038196040134,0.9159088134765625,4.8976898193359375,82.24220275878906,11.944198608398438,87.94539217611255
cdd46073-0336-4003-8a06-161947985987,0.23271918203316486,0.0762939453125,43.724822998046875,53.56025695800781,2.6386260986328125,97.35935925235928
393edada-d2bf-4a33-94f2-2d2123357015,0.17878708184934128,0.0,75.50582885742188,24.330902099609375,0.16326904296875,99.83673095703125
eb8b50ba-b6bc-4668-b3f1-dcdbfbe71b17,0.5642099417892157,0.002288818359375,3.6407470703125,25.00457763671875,71.35238647460938,28.645980361488988
a3159a43-d38c-4655-9acf-371bc9a6213b,0.2718572878370098,0.0751495361328125,35.92071533203125,56.806182861328125,7.1979522705078125,92.79663443368314
d11a4f65-9523-40d8-989a-6603705e9638,0.2251158172009038,0.2246856689453125,47.03330993652344,52.323150634765625,0.418853759765625,99.58020301657396
2d2aa30d-5c3f-4f46-97eb-54b63bec7f3a,0.17303658279718137,0.0576019287109375,84.69390869140625,15.0909423828125,0.1575469970703125,99.84236220051682
70ff3ebc-0d1f-43eb-ab56-1ff13fe9c9e3,0.5575998044481463,0.0213623046875,1.329803466796875,33.09288024902344,65.55595397949219,34.430038765605445
d37acb3f-94c8-47ef-b3da-6eb0d7353aa7,0.26577642104204957,0.0,18.741989135742188,81.03713989257812,0.2208709716796875,99.77912902832031
de1788c0-2996-40cf-9f76-2920b210d6a9,0.3509228276271447,0.3559112548828125,7.6381683349609375,86.02752685546875,5.9783935546875,94.000252669298
0bf08653-1441-4e73-b24b-1296afb12b45,0.3519245222503064,0.0438690185546875,13.925552368164062,69.1558837890625,16.87469482421875,83.11789916383302
91b94b02-cd05-471a-a4e7-5168d56c46ba,0.268362366919424,0.0934600830078125,27.569961547851562,63.681793212890625,8.65478515625,91.33711850751625
d6753341-5c6f-4530-9c02-25974496ddc8,0.3255678064682903,0.0102996826171875,23.117828369140625,65.53993225097656,11.331939697265625,88.66689302868566
e935ecb3-5eba-43f8-ae02-624b3d5bc03a,0.3537334666532628,3.179168701171875,19.655227661132812,52.001953125,25.163650512695312,74.01008628501636
18fe1e24-799d-4aa9-a7ec-fa8e331ae3e9,0.2778808294558058,0.389862060546875,48.148345947265625,39.30778503417969,12.154006958007812,87.79842372530847
8740caa0-f86c-4103-b830-0435b9933a2b,0.2769578821518843,0.267791748046875,43.849945068359375,45.22285461425781,10.659408569335938,89.31196976767313
05b9432b-a5cf-4a8f-bf0e-9b95a04bbdde,0.3154140995998009,0.0,10.571670532226562,86.66305541992188,2.7652740478515625,97.23472595214844
a9d270c5-aacb-4dad-a34e-ab28a7192248,0.09809432684206498,0.0133514404296875,99.7314453125,0.2544403076171875,0.000762939453125,99.99923695866987
6f9581fa-7c8a-45d1-988d-0a299fc15d62,0.28953821518841916,0.087738037109375,27.58331298828125,67.94090270996094,4.3880462646484375,95.60810036882336
969c721c-5f27-41d4-9a94-ffa12e351204,0.24245402018229165,0.52947998046875,37.287139892578125,58.641815185546875,3.54156494140625,96.4395833652917
f81830b2-ece2-4f59-87c7-fd43193bd996,0.1328606699027267,0.273895263671875,90.64445495605469,6.708526611328125,2.3731231689453125,97.62035910735733
42bd7e44-5bfa-4e25-961d-941a18bc00d0,0.5093709309895834,0.0942230224609375,0.9342193603515625,41.20597839355469,57.76557922363281,42.17994096915963
7ff229e4-be94-4319-8916-19eb43753843,0.25550707648782167,0.0965118408203125,41.596221923828125,53.000640869140625,5.3066253662109375,94.68824816431264
46d1ec10-be8e-474a-b98f-ba7cd3521ccd,0.22742557899624702,0.0396728515625,49.30000305175781,49.318695068359375,1.3416290283203125,98.65783849793924
38fe21ed-2019-4be9-abdf-bf46ac5f59e3,0.21820140165441176,15.172958374023438,19.273757934570312,62.615203857421875,2.938079833984375,96.53638771591363
fbe85bec-6399-442f-8a3f-ca4a25bb2b3b,0.24442156623391548,2.146148681640625,50.89225769042969,41.50886535644531,5.452728271484375,94.42768148823865
ebcee501-5709-4382-8eab-d8595ba6606d,0.17969192804074757,0.24261474609375,83.54263305664062,12.862396240234375,3.35235595703125,96.63949095247564
67c0a269-05bb-4b4f-af22-68a1c5ac3adf,0.277783083448223,0.003814697265625,23.566436767578125,74.072265625,2.35748291015625,97.64242715557691
06664fe1-c56c-4a00-833c-f9f3f6d6d18f,0.24919038660386028,0.0186920166015625,46.723175048828125,49.75128173828125,3.5068511962890625,96.49249317995383
399dba2c-02c1-4756-a76d-1198d0e838ed,0.2696033552581189,0.00457763671875,30.293655395507812,68.83506774902344,0.86669921875,99.1332611050921
b6fb27e6-073c-4092-b8a8-51e96be987a4,0.6237422569125308,0.008392333984375,0.6183624267578125,13.22174072265625,86.15150451660156,13.84126475457993
df2538f9-20c9-4d40-9a64-9d6334b6f7d6,0.26099042705461084,0.0,32.67707824707031,66.93840026855469,0.384521484375,99.615478515625
36d55b1a-a2f4-4f40-b57c-48341bb2ace5,0.49990186504289225,0.0713348388671875,12.570953369140625,30.286788940429688,57.0709228515625,42.88833663540199
503cf916-4f56-4be7-8083-730122f686dc,0.18182549570121026,2.054595947265625,64.71214294433594,33.05015563964844,0.18310546875,99.8130535367934
77ab4672-c61f-488f-a165-acb40eeac713,0.5324631934072458,7.0705413818359375,3.0895233154296875,20.339584350585938,69.50035095214844,25.211712210961007
9fc12331-47f4-4d79-bffe-914f13658993,0.24612848618451286,0.32501220703125,47.39112854003906,50.891876220703125,1.3919830322265625,98.60347810112825
24997ef5-a558-4ea6-8a96-b3cdff79fe2b,0.28986977969898897,2.263641357421875,20.702362060546875,71.10176086425781,5.9322357177734375,93.93036961867219
5b9e5ea7-1f63-46dd-aabd-8cf407c6f4ba,0.3934708239985447,0.0,6.3251495361328125,73.65226745605469,20.0225830078125,79.9774169921875
8e71e23c-6161-480e-b8ca-f03147475e4d,0.20362812117034312,0.0164031982421875,61.460113525390625,36.86637878417969,1.6571044921875,98.34262364508338
233708cc-ed2d-4b85-ba8c-60cf71c912c8,0.5849397846296721,0.0,6.8866729736328125,16.137313842773438,76.97601318359375,23.02398681640625
9f926d66-2cfa-4e3d-b4a3-4ea3b4b23698,0.3109826779833027,0.009918212890625,13.998031616210938,81.15653991699219,4.83551025390625,95.16401010232033
fb7f7795-ede7-40cc-acf6-3ee6e761d0a9,0.4338449216356463,0.0102996826171875,4.4055938720703125,58.56056213378906,37.02354431152344,62.972641988119804
2fa6f5ce-1c5b-4147-9f1f-9beb01c499af,0.23181286980124077,2.20184326171875,49.304962158203125,44.184112548828125,4.30908203125,95.59390261026945
38d46a2f-d1f6-4ed8-a502-e57e393844ea,0.5386599372414981,0.0,1.372528076171875,35.92414855957031,62.70332336425781,37.29667663574219
c229ea5c-2ebd-4f80-892e-fc5da8a1eeea,0.34177033667470896,7.85064697265625,12.9913330078125,53.06358337402344,26.094436645507812,71.68245268334685
687e2987-2306-477b-bbaf-0d5465eb1e7c,0.5755476409313726,0.0,2.4715423583984375,23.450851440429688,74.07760620117188,25.922393798828125
93fe220b-0458-4e26-827c-93883093681e,0.26998925302542887,0.079345703125,39.94941711425781,52.69508361816406,7.276153564453125,92.71806853582555
733028fc-bf0a-4737-878b-78a29c9ee2ee,0.14748152190563726,0.0,94.38819885253906,5.251312255859375,0.3604888916015625,99.63951110839844
f3d3e61e-4ab4-4155-a882-4e27de976659,0.25987659529143686,0.2033233642578125,28.582763671875,70.49789428710938,0.7160186767578125,99.28252252389998
